spawn:
  world: spawn
  x: 52.5423150945409
  y: 201.0
  z: -52.447105984756774
