world: 1vs1
x: -70.5
y: 101.78005705463158
z: 478.5
yaw: -0.7800695
pitch: 11.788865
name: a1
lastowner: 1de0cf95-fbd4-33aa-9c34-857b83e333b2
