world: 1vs1
x: -266.5
y: 100.1118106207089
z: 565.5
yaw: 0.29885864
pitch: 3.8999758
name: a11
lastowner: 1de0cf95-fbd4-33aa-9c34-857b83e333b2
