world: 1vs1
x: -279.5
y: 102.1118106207089
z: 643.5
yaw: 2.0990906
pitch: 4.2000012
name: a12
lastowner: 1de0cf95-fbd4-33aa-9c34-857b83e333b2
