world: 1vs1
x: -366.4980847995612
y: 100.1118106207089
z: 489.92033541863987
yaw: 0.751709
pitch: 3.2478572E-5
name: a13
lastowner: 1de0cf95-fbd4-33aa-9c34-857b83e333b2
