world: FlagWars
x: 4287621.48008529
y: 52.0
z: -746373.3289048929
yaw: 181.77075
pitch: 0.91205615
name: a2blue
lastowner: 1de0cf95-fbd4-33aa-9c34-857b83e333b2
