world: FlagWars
x: 4287789.537555282
y: 52.0
z: -746371.510136178
yaw: 1.175293
pitch: 2.1408167
name: a2red
lastowner: 1de0cf95-fbd4-33aa-9c34-857b83e333b2
