world: 1vs1
x: -74.5
y: 101.85117152538922
z: 592.5
yaw: 1.4990845
pitch: 7.350059
name: a3
lastowner: 1de0cf95-fbd4-33aa-9c34-857b83e333b2
