world: FlagWars
x: 23509.425243979873
y: 85.0
z: -940937.3895043839
yaw: 181.32605
pitch: -1.8432766
name: a3red
lastowner: 1de0cf95-fbd4-33aa-9c34-857b83e333b2
