world: FlagWars
x: -21378.49511476293
y: 109.0
z: 412414.5488686428
yaw: 271.2102
pitch: -4.003309
name: a4blue
lastowner: 1de0cf95-fbd4-33aa-9c34-857b83e333b2
