world: FlagWars
x: 83312.5
y: 171.0
z: -19017.5
yaw: 179.79695
pitch: -4.0032945
name: a5red
lastowner: 1de0cf95-fbd4-33aa-9c34-857b83e333b2
