world: 1vs1
x: -188.5
y: 100.1118106207089
z: 476.5
yaw: 0.8975525
pitch: 4.349945
name: a7
lastowner: 1de0cf95-fbd4-33aa-9c34-857b83e333b2
