world: 1vs1
x: -196.5
y: 100.1118106207089
z: 525.5
yaw: 2.9975586
pitch: 3.899989
name: a8
lastowner: 1de0cf95-fbd4-33aa-9c34-857b83e333b2
