world: 1vs1
x: -188.5
y: 100.49064474829545
z: 581.5
yaw: -0.7524738
pitch: 2.2499945
name: a9
lastowner: 1de0cf95-fbd4-33aa-9c34-857b83e333b2
