world: 1vs1
x: 0.4770983389757128
y: 66.5
z: 0.6258305455542789
yaw: 359.99982
pitch: -11.850022
name: arene
