world: 1vs1
x: -216.94794661140293
y: 97.0
z: 367.94647988745453
yaw: 270.58057
pitch: 38.12643
name: B1
