world: 1vs1
x: -235.5
y: 102.0
z: 133.5
yaw: 89.636635
pitch: -3.9000244
name: B2
