world: 1vs1
x: -314.48262671790883
y: 101.0
z: 137.62625616232964
yaw: -95.14441
pitch: -6.8727546
name: B3
