world: 1vs1
x: -485.1709029994407
y: 102.0
z: 226.0585866553447
yaw: 180.69922
pitch: 10.244113
name: B6
