world: 1vs1
x: -528.928590001402
y: 101.0
z: 189.52321141319186
yaw: 179.84448
pitch: 7.615548
name: B7
