world: 1vs1
x: -520.1892179114383
y: 100.0
z: 152.67127290579992
yaw: 89.29126
pitch: 1.6652212
name: B8
