world: fazioni
x: -378.6536153763383
y: 131.0
z: 3.5096265044693515
yaw: 91.33007
pitch: -7.2000036
name: banca
