world: fazioni
x: -231.5
y: 38.0
z: 175.5
yaw: 48.615448
pitch: 2.196814
name: caves
