world: fazioni
x: -156.69973691826453
y: 89.0
z: -153.5568694179817
yaw: -88.233154
pitch: -1.7913201
name: corsa
