world: fazioni
x: -376.4387320451958
y: 131.0
z: -26.63218299759387
yaw: 89.43357
pitch: 4.276623
name: crates
lastowner: d1c1f158-c05e-3c1f-a7d6-f2135738cc75
