world: plotworld
x: -51.88883431957382
y: 86.04775206896011
z: -58.928157408492055
yaw: 0.3529358
pitch: -3.388811
name: creative
lastowner: 1de0cf95-fbd4-33aa-9c34-857b83e333b2
