world: fazioni
x: -1300.541673482619
y: 89.0
z: -392.41575541632085
yaw: -358.5567
pitch: 25.799978
name: deserto
