world: fazioni
x: -1126.3164317351857
y: 69.0
z: 1566.2494934851227
yaw: 268.3828
pitch: 36.000023
name: deserto_2
