world: spawn
x: 52.52062777263298
y: 75.0
z: -27.472536873962557
yaw: 1.3662109
pitch: 355.95984
name: faction_2
