world: fazioni
x: -354.3820764707264
y: 135.42268291387063
z: -9.483469495782629
yaw: 271.2574
pitch: 14.107021
name: faction
lastowner: 1de0cf95-fbd4-33aa-9c34-857b83e333b2
