world: FlagWars
x: -47.60866196735816
y: 5.853174521975978
z: 52.48515488538656
yaw: 88.82739
pitch: -3.3888757
name: FlagPvP
lastowner: 1de0cf95-fbd4-33aa-9c34-857b83e333b2
