world: fazioni
x: -12.5
y: 85.0
z: 218.5
yaw: 177.45003
pitch: 3.1500013
name: giungla
