world: fazioni
x: -1605.5
y: 31.0
z: -488.5
yaw: 89.95505
pitch: -8.636949
name: gravel
