world: ShotGun
x: 0.44561452015957975
y: 37.0
z: 0.5838325762150337
yaw: 0.58096313
pitch: -7.649973
name: guns
