world: powaspawn
x: -2383.300000011921
y: 90.0
z: -1293.4469113130565
yaw: 86.50202
pitch: 14.193626
name: help
