world: fazioni
x: -12.5
y: 87.11149266244303
z: 218.5
yaw: 178.67885
pitch: -14.05319
name: jungle
lastowner: 1de0cf95-fbd4-33aa-9c34-857b83e333b2
