world: kitpvp
x: 1100.5
y: 9.0
z: 235.5
yaw: 270.82855
pitch: -1.4916004
name: kit_pvp_classic
