world: arena-pvp
x: -99.92386291241677
y: 103.0
z: -53.408293349758296
yaw: 268.65015
pitch: 4.950026
name: kit-pvp2
