world: kitpvp
x: 1570.4485839952072
y: 4.0
z: 248.497506447106
yaw: 0.14110552
pitch: -1.9090482
name: kit-pvp
