world: kitpvp
x: 1570.4375993525675
y: 4.0
z: 248.5183825493634
yaw: 0.14111598
pitch: -3.6056247
name: kitpvp
