world: kitpvp
x: 1062.05311639532
y: 13.0
z: 512.9091900942875
yaw: 91.69971
pitch: 3.6863818
name: kitpvp_shop
lastowner: 1de0cf95-fbd4-33aa-9c34-857b83e333b2
