world: kitpvp
x: 1575.4959577356778
y: 19.487509874772762
z: 519.4729038693215
yaw: 179.19963
pitch: 14.428735
name: kitpvp_arena_2
lastowner: 1de0cf95-fbd4-33aa-9c34-857b83e333b2
