world: arena-pvp
x: -100.2875046100158
y: 103.0
z: -53.5766549333345
yaw: 270.0
pitch: 0.0
name: kitpvp-enchant
