world: lobby
x: -23.5586540340446
y: 65.0
z: 0.5058320875455034
yaw: 271.0525
pitch: 2.2499943
name: lobby
