world: fazioni
x: -2165.0596941866515
y: 65.4904534955103
z: 217.49993852589552
yaw: 271.58606
pitch: 7.031419
name: mare
lastowner: 1de0cf95-fbd4-33aa-9c34-857b83e333b2
