world: fazioni
x: -1919.025648239182
y: 49.0
z: -158.88786466024416
yaw: 179.78741
pitch: -4.704285
name: mariokart
