world: 1vs1
x: -68.12064940681478
y: 91.78313878645193
z: 367.8950781590767
yaw: 93.3589
pitch: 19.118998
name: MCSG
lastowner: 1de0cf95-fbd4-33aa-9c34-857b83e333b2
