world: fazioni
x: -274.1638041284782
y: 105.0
z: -165.7794024514236
yaw: 179.94702
pitch: -3.4803028
name: miner
