world: fazioni
x: -331.58903388516194
y: 131.0
z: -9.415176619179142
yaw: -90.7302
pitch: -2.544643
name: mobarena
