world: Nether
x: -177.39471605984514
y: 58.0
z: -170.5216219076573
yaw: 2.2645264
pitch: -0.50022066
name: nether
