world: fazioni
x: -878.2292398920415
y: 131.1394150376374
z: 672.7644869693961
yaw: 176.41469
pitch: -4.235115
name: neve
lastowner: 1de0cf95-fbd4-33aa-9c34-857b83e333b2
