world: fazioni
x: -333.88466650440654
y: 77.0
z: 63.300000011920915
yaw: 358.0426
pitch: 50.222668
name: Parkour
