world: fazioni
x: -1552.8079763222281
y: 78.10276894954647
z: 397.07766846439443
yaw: 0.034609795
pitch: 3.0098424
name: pianura
lastowner: 1de0cf95-fbd4-33aa-9c34-857b83e333b2
