world: fazioni
x: -375.5482524146209
y: 131.0
z: 14.002390296544524
yaw: 1.0293769
pitch: 0.013024157
name: portal
