world: prison
x: 0.4607101343775207
y: 82.0
z: -0.43637705490634043
yaw: 182.47684
pitch: -8.601602
name: prison
lastowner: 1de0cf95-fbd4-33aa-9c34-857b83e333b2
