world: ShotGun
x: 0.5240086529096121
y: 37.0
z: 1.075896182812376
yaw: 0.7344971
pitch: -3.3000157
name: Sho-tGun
