world: fazioni
x: -356.6762889646046
y: 131.0
z: 14.519144014908866
yaw: 359.88428
pitch: -4.2711
name: shop
