world: fazioni
x: -350.27140536956455
y: 121.0
z: 21.118738918944302
yaw: 270.87183
pitch: -0.31684172
name: shopenchant
lastowner: 1de0cf95-fbd4-33aa-9c34-857b83e333b2
