world: sky-pvp
x: -299816.5638445906
y: 46.0
z: 322666.40199770784
yaw: -180.97923
pitch: -0.9311925
name: skypvp_2_map
lastowner: d1c1f158-c05e-3c1f-a7d6-f2135738cc75
