world: fazioni
x: -874.8239341219887
y: 108.0
z: 668.7825354263186
yaw: 142.27977
pitch: 9.79671
name: snow
