world: powaspawn
x: -2384.5
y: 25.0
z: -1295.5
yaw: 359.08606
pitch: -1.1542439E-5
name: spawm
