world: spawn
x: 52.46887732172519
y: 201.70850644020075
z: -52.69999998807907
yaw: 0.0
pitch: 0.0
name: spawn
lastowner: 1de0cf95-fbd4-33aa-9c34-857b83e333b2
