world: fazioni
x: -353.9404429931239
y: 106.0
z: -125.18009957386707
yaw: 177.15039
pitch: 0.599979
name: spleef
