world: fazioni
x: -2008.580754735216
y: 100.0
z: -449.69999998807907
yaw: 359.74304
pitch: 7.6256156
name: stadium
