world: world
x: -8.832451427006175
y: 84.0
z: 210.90566127610285
yaw: 357.35437
pitch: -8.941561
name: survival
