world: fazioni
x: -2076.5163759390434
y: 198.875
z: -167.6710732295499
yaw: 271.20404
pitch: 1.9500552
name: torneo
