world: world
x: -9.36218571504543
y: 92.0
z: 241.33637811214805
yaw: 271.23044
pitch: -1.2303507
name: vanilla
