world: ncp
x: -2835.5
y: 4.0
z: 1672.5
yaw: 0.4534912
pitch: 1.2000554
name: vecchio-spawn

