world: kitpvp
x: 1585.5526452353374
y: 12.0
z: 838.1933865891244
yaw: 271.15176
pitch: -2.3160884
name: vip-2
