world: fazioni
x: -3238.5
y: 73.0
z: 88.5
yaw: 97.96326
pitch: 12.86906
name: woods
