world: fazioni
x: -281.4264888477133
y: 104.0
z: -89.68856826131565
yaw: -175.58519
pitch: 3.8066773
name: youtuber
