jails: 
  jail: 
    world: prison
    x: 0.23728956567854353
    y: 84.2851434457124
    z: -0.8165754212141539
    yaw: 176.41187
    pitch: 37.478313
