spawns: 
  default: 
    world: spawn
    x: 52.46887732172519
    y: 201.70850644020075
    z: -52.69999998807907
    yaw: 359.46252
    pitch: 6.441511
