# Controllo Hack 
# version 1.0
# Plugin Made By Sanpeter05
# Here will be generated the location to teleport the player  to control

spawnMod:
  world: spawn
  x: 2.9999911494244073E7
  y: 96.0
  z: 2.9999922414761752E7
  pitch: -0.9311992
  yaw: 179.38567
spawnControllato:
  world: spawn
  x: 2.999991156763308E7
  y: 96.0
  z: 2.9999914680723365E7
  pitch: -14.516814
  yaw: 0.68636334
spawnAC:
  world: spawn
  x: 52.49736390117616
  y: 201.0030652211917
  z: -52.30000001192093
  pitch: -1.2288067
  yaw: -0.614401
