world: 1vs1
x: 0.5293434730302193
y: 66.2971931204247
z: 0.5797092652153077
yaw: 358.97488
pitch: -2.7744374
name: 1vs1
lastowner: 1de0cf95-fbd4-33aa-9c34-857b83e333b2
