world: HUB
x: -2835.048032379942
y: 4.0
z: 1672.9416177006206
yaw: 0.8999634
pitch: 5.100011
name: --.-"
