world: 1vs1
x: -253.5
y: 99.1118106207089
z: 487.5
yaw: 0.44888306
pitch: 2.9999933
name: a10
lastowner: 1de0cf95-fbd4-33aa-9c34-857b83e333b2
