world: FlagWars
x: 241360.49994191315
y: 75.0
z: 23139.6013284968
yaw: 269.26355
pitch: 3.686457
name: a1blue
lastowner: 1de0cf95-fbd4-33aa-9c34-857b83e333b2
