world: FlagWars
x: 241384.51219039445
y: 75.0
z: 23357.40002288651
yaw: 91.08612
pitch: 2.4576466
name: a1red
lastowner: 1de0cf95-fbd4-33aa-9c34-857b83e333b2
