world: 1vs1
x: -72.5
y: 101.78005705463158
z: 542.5
yaw: 0.5991211
pitch: -1.3499144
name: a2
lastowner: 1de0cf95-fbd4-33aa-9c34-857b83e333b2
