world: FlagWars
x: 23503.50890156328
y: 85.0
z: -941145.3461911358
yaw: 359.46332
pitch: -6.144077
name: a3blue
lastowner: 1de0cf95-fbd4-33aa-9c34-857b83e333b2
