world: 1vs1
x: -133.5
y: 101.4354578918045
z: 474.5
yaw: 1.34729
pitch: -0.9000034
name: a4
lastowner: 1de0cf95-fbd4-33aa-9c34-857b83e333b2
