world: FlagWars
x: -21251.335463555206
y: 109.0
z: 412414.3720334178
yaw: 90.61316
pitch: -2.1601207
name: a4red
lastowner: 1de0cf95-fbd4-33aa-9c34-857b83e333b2
