world: 1vs1
x: -130.5
y: 101.47872180936065
z: 540.5
yaw: 1.6473044
pitch: -0.749998
name: a5
lastowner: 1de0cf95-fbd4-33aa-9c34-857b83e333b2
