world: FlagWars
x: 83299.46854589127
y: 173.0
z: -19144.501571043107
yaw: 1.0449219
pitch: 2.14081
name: a5blue
lastowner: 1de0cf95-fbd4-33aa-9c34-857b83e333b2
