world: 1vs1
x: -124.5
y: 101.1118106207089
z: 594.5
yaw: 358.79767
pitch: 2.3999822
name: a6
lastowner: 1de0cf95-fbd4-33aa-9c34-857b83e333b2
