world: 1vs1
x: -416.4287902892011
y: 100.0
z: 135.48627192027408
yaw: -97.99457
pitch: 60.90002
name: B4
