world: 1vs1
x: -488.194657080425
y: 106.0
z: 139.5440597981712
yaw: 89.1936
pitch: 1.0023363
name: B5
