world: fazioni
x: -378.21200568846007
y: 131.0
z: 3.3901219726636644
yaw: 92.079956
pitch: 356.4128
name: banc
