world: spawn
x: 52.44119377341346
y: 78.78011262899322
z: -54.192147944060345
yaw: -0.6143986
pitch: 3.0719547
name: default
lastowner: 1de0cf95-fbd4-33aa-9c34-857b83e333b2
