world: fazioni
x: -1300.5026258912403
y: 91.15459063427924
z: -392.402205504477
yaw: -358.5567
pitch: 25.799978
name: desert
lastowner: 1de0cf95-fbd4-33aa-9c34-857b83e333b2
