world: fazioni
x: -374.6750181222843
y: 131.0
z: -9.649368550240697
yaw: 87.36377
pitch: 43.430443
name: enchant
