world: world_the_end
x: 26.381973680446904
y: 68.08607754067735
z: -3.3077681737624047
yaw: 1.2288895
pitch: 3.6864
name: END
lastowner: 1de0cf95-fbd4-33aa-9c34-857b83e333b2
