world: fazioni
x: -379.43143482416326
y: 131.0
z: 3.3519876946155884
yaw: 91.62938
pitch: -3.1369758
name: fabbro
