world: fazioni
x: -341.4258242492526
y: 131.0
z: -8.780107543865952
yaw: 0.21142578
pitch: 39.226246
name: free
