world: fazioni
x: -1044.5
y: 129.0
z: 634.5
yaw: 85.48356
pitch: 33.243263
name: ice
