world: powaspawn
x: -2470.4404484870756
y: 20.0
z: -1247.4899305709987
yaw: 91.34717
pitch: 21.000015
name: jail
