world: kitpvp
x: 1575.6555428402214
y: 17.0
z: 519.8681097509468
yaw: 181.65732
pitch: -0.8286563
name: kitpvp_classico
