world: fazioni
x: -332.20122708535496
y: 131.0
z: -9.503641733476616
yaw: -90.74947
pitch: 0.9248668
name: ma
