world: minigames
x: -2.403717744921868
y: 89.0
z: -221.54848262076587
yaw: 270.44672
pitch: -3.300055
name: minigame
