world: plotworld
x: 0.5249584106315031
y: 65.0
z: 39.38216105722353
yaw: -0.29999992
pitch: -5.850014
name: plotme
