world: fazioni
x: -356.31319416797953
y: 131.0
z: -29.458704773128677
yaw: 183.49902
pitch: 1.6500105
name: pvp
