world: fazioni
x: -187.4108806331812
y: 83.0
z: -14.300000011920927
yaw: 180.57104
pitch: -2.170531
name: rules
