world: fazioni
x: -356.46934205666184
y: 125.0
z: 20.655237822157464
yaw: 359.04187
pitch: 2.8436103
name: sell
