world: spawn
x: 138.91441793223072
y: 131.0
z: -56.31065496546745
yaw: 89.741
pitch: 3.6863794
name: sky-games
lastowner: 1de0cf95-fbd4-33aa-9c34-857b83e333b2
