world: sky-pvp
x: -1041.5
y: 114.0
z: 431.5
yaw: 91.19997
pitch: 25.350046
name: sky-pvp
