world: sky-pvp
x: -299816.5
y: 46.0
z: 322666.5
yaw: -179.75041
pitch: 2.1408148
name: skypvp_2
lastowner: 1de0cf95-fbd4-33aa-9c34-857b83e333b2
