world: fazioni
x: -378.5
y: 131.0
z: 3.5
yaw: 89.626465
pitch: 2.5203056
name: smith
