world: spawn
x: 52.47381530237889
y: 77.0
z: -54.39857636875084
yaw: 0.60058594
pitch: 354.29996
name: spawn_2
