world: fazioni
x: -329.48757434990307
y: 131.0
z: 16.532462353708766
yaw: 4.3494263
pitch: 3.5999634
name: staff
