world: fazioni
x: -2083.3691778490174
y: 32.0
z: 128.4801096493611
yaw: 270.4123
pitch: -3.599992
name: submarine
