world: fazioni
x: -1813.5
y: 64.0
z: 247.5
yaw: 97.27112
pitch: 18.852013
name: swamp
