world: fazioni
x: -712.5040218078306
y: 132.0
z: 215.52106931498759
yaw: -271.92123
pitch: 5.399974
name: top
