world: spawn
x: 52.430019847730854
y: 75.0
z: -80.62834555881643
yaw: 180.16504
pitch: 351.00928
name: vanilla_2
