world: fazioni
x: -329.48510961189334
y: 131.0
z: -31.865005887963314
yaw: 178.46848
pitch: -0.1223899
name: vip
